0.870000 with auto data1
0.99 2 0.67 0.97 4.84 -7.73
0.870000 without auto data1
0.99 1 0.64 0.98 7.22 -9.46
0.870000 with auto data2
1.00 1 0.82 0.95 1.42 3.85
0.870000 without auto data2
1.00 1 0.80 0.95 1.97 2.79

0-7medfit
1.00 1 0.80 0.95 1.97 2.79
1.00 1 0.74 0.98 5.75 2.82
1.00 0 0.63 0.99 10.88 -1.34
1.00 1 0.60 0.99 11.64 -2.85
1.00 1 0.51 0.99 14.81 -5.35
0.99 1 0.49 0.99 14.88 -6.93
0.99 1 0.44 0.99 17.02 -7.64
0.99 1 0.42 0.99 17.17 -8.81

avrage 0:2:20
1.00 1 0.80 0.95 1.97 2.79
1.00 0 0.64 0.99 10.72 -0.63
1.00 0 0.57 0.99 13.58 -2.70
0.99 0 0.52 0.99 15.65 -3.75
0.99 0 0.46 0.99 17.62 -4.96
0.98 0 0.42 0.99 19.16 -5.60
0.98 0 0.38 0.99 20.42 -6.26
0.94 0 0.34 0.99 21.77 -6.55
0.86 0 0.29 0.99 22.72 -7.50
0.71 0 0.23 1.00 24.01 -7.53
0.51 0 0.16 1.00 25.26 -7.02
