153 256 
393 482 
595 699 
908 1001 
1094 1171 
1242 1332 
1395 1462 
1581 1674 
1740 1826 
1944 2031 
2095 2185 
2308 2373 
2428 2517 
2591 2676 
2741 2822 
2868 2956 
3104 3199 
3333 3411 
3500 3589 
3751 3844 
4016 4110 
4196 4292 
4365 4434 
4558 4626 
4721 4808 
4891 4998 
5084 5155 
5215 5311 
5431 5511 
5607 5728 
5767 5839 
5919 6034 
6132 6225 
6362 6431 
6522 6588 
6725 6806 
6922 6990 
7123 7202 
7317 7417 
7540 7625 
7683 7762 
7861 7949 
8069 8154 
8271 8332 
8395 8507 
8587 8689 
8837 8923 
9026 9123 
9202 9274 
9330 9415 
9498 9572 
9631 9725 
9792 9892 
9970 10039 
