0.940000
0.97 0 0.52 0.99 12.90 -11.77
0.940000
0.97 0 0.52 0.99 12.90 -11.77
0.940000
0.97 0 0.52 0.99 12.90 -11.77
0.960000
1.01 0 0.62 0.98 9.99 -8.83
0.980000
1.04 0 0.77 0.96 4.36 -3.57
0.940000
0.94 2 0.52 0.99 10.85 -13.21
0.942000
0.94 2 0.53 0.99 10.51 -12.89
0.944000
0.95 2 0.54 0.99 10.26 -12.70
0.946000
0.95 2 0.55 0.99 10.11 -12.36
0.948000
0.95 2 0.56 0.99 9.74 -12.07
0.950000
0.95 2 0.57 0.99 9.58 -11.57
0.952000
0.96 2 0.58 0.99 9.44 -11.04
0.954000
0.97 2 0.60 0.99 9.22 -10.85
0.956000
0.96 2 0.60 0.99 8.64 -10.42
0.958000
0.97 2 0.62 0.98 8.37 -10.28
0.960000
0.97 2 0.62 0.98 7.94 -10.10
0.962000
0.97 2 0.63 0.98 7.68 -9.72
0.964000
0.97 2 0.64 0.98 7.27 -9.31
0.966000
0.97 2 0.66 0.98 6.86 -8.59
0.968000
0.97 2 0.67 0.98 6.47 -8.18
0.970000
0.97 2 0.68 0.98 6.12 -7.69
0.972000
0.97 3 0.71 0.98 5.35 -6.82
0.974000
0.97 3 0.72 0.97 4.24 -7.26
0.976000
0.97 3 0.73 0.97 3.91 -6.67
0.978000
0.97 3 0.75 0.97 3.06 -5.79
0.980000
0.99 3 0.77 0.96 2.38 -4.57
0.982000
1.00 1 0.79 0.95 1.74 -3.06
0.984000
1.00 0 0.80 0.95 1.36 -0.64
0.986000
1.00 0 0.82 0.94 0.39 0.31
0.988000
1.00 1 0.83 0.93 -0.76 1.64
0.990000
0.97 3 0.85 0.92 -1.56 1.72
0.870000
0.99 1 0.63 0.98 7.22 -9.48
0.880000
0.99 2 0.70 0.97 3.82 -6.95
0.890000
0.99 7 0.77 0.94 -0.99 -5.30
0.900000
0.96 11 0.84 0.86 -8.96 -0.03
0.910000
0.96 11 0.84 0.86 -8.96 -0.03
0.850000
0.97 2 0.52 0.99 12.03 -12.35
0.852000
0.97 2 0.53 0.99 11.82 -12.19
0.854000
0.97 2 0.54 0.99 11.54 -11.81
0.856000
0.97 2 0.55 0.99 11.21 -11.53
0.858000
0.97 2 0.56 0.99 9.82 -12.29
0.860000
0.97 2 0.57 0.99 9.44 -11.76
0.862000
0.97 2 0.58 0.98 8.97 -11.50
0.864000
0.97 2 0.59 0.98 8.59 -11.19
0.866000
0.97 1 0.61 0.98 8.13 -9.86
0.868000
0.97 1 0.62 0.98 7.64 -9.65
0.870000
0.99 1 0.63 0.98 7.22 -9.48
0.872000
0.99 1 0.65 0.98 6.18 -9.13
0.874000
0.99 2 0.66 0.97 5.49 -8.80
0.876000
0.99 2 0.67 0.97 4.91 -8.37
0.878000
0.99 2 0.69 0.97 4.25 -7.76
0.880000
0.99 2 0.70 0.97 3.82 -6.95
0.882000
0.99 2 0.71 0.96 2.96 -6.62
0.884000
0.99 2 0.73 0.96 2.28 -6.06
0.886000
0.99 2 0.74 0.96 1.57 -5.30
0.888000
0.99 2 0.76 0.95 0.68 -4.14
0.890000
0.99 7 0.77 0.94 -0.99 -5.30
0.892000
0.99 4 0.79 0.92 -2.63 -1.78
0.894000
0.96 4 0.81 0.91 -2.91 -0.69
0.896000
0.96 3 0.82 0.90 -3.66 1.03
0.898000
0.96 10 0.83 0.88 -6.49 -1.40
0.900000
0.96 11 0.84 0.86 -8.96 -0.03
0.902000
0.94 16 0.86 0.83 -9.17 -1.47
0.904000
0.90 21 0.88 0.81 -10.61 1.63
0.906000
0.90 21 0.90 0.77 -12.46 2.13
0.850000
0.97 2 0.52 0.99 12.03 -12.35
0.852000
0.97 2 0.53 0.99 11.82 -12.19
0.854000
0.97 2 0.54 0.99 11.54 -11.81
0.856000
0.97 2 0.55 0.99 11.21 -11.53
0.858000
0.97 2 0.56 0.99 9.82 -12.29
0.860000
0.97 2 0.57 0.99 9.44 -11.76
0.862000
0.97 2 0.58 0.98 8.97 -11.50
0.864000
0.97 2 0.59 0.98 8.59 -11.19
0.866000
0.97 1 0.61 0.98 8.13 -9.86
0.868000
0.97 1 0.62 0.98 7.64 -9.65
0.870000
0.99 1 0.63 0.98 7.22 -9.48
0.872000
0.99 1 0.65 0.98 6.18 -9.13
0.874000
0.99 2 0.66 0.97 5.49 -8.80
0.876000
0.99 2 0.67 0.97 4.91 -8.37
0.878000
0.99 2 0.69 0.97 4.25 -7.76
0.880000
0.99 2 0.70 0.97 3.82 -6.95
0.882000
0.99 2 0.71 0.96 2.96 -6.62
0.884000
0.99 2 0.73 0.96 2.28 -6.06
0.886000
0.99 2 0.74 0.96 1.57 -5.30
0.888000
0.99 2 0.76 0.95 0.68 -4.14
0.890000
0.99 7 0.77 0.94 -0.99 -5.30
0.892000
0.99 4 0.79 0.92 -2.63 -1.78
0.894000
0.96 4 0.81 0.91 -2.91 -0.69
0.896000
0.96 3 0.82 0.90 -3.66 1.03
0.898000
0.96 10 0.83 0.88 -6.49 -1.40
0.900000
0.96 11 0.84 0.86 -8.96 -0.03
0.902000
0.94 16 0.86 0.83 -9.17 -1.47
0.904000
0.90 21 0.88 0.81 -10.61 1.63
0.906000
0.90 21 0.90 0.77 -12.46 2.13
0.850000
0.97 2 0.52 0.99 12.03 -12.35
0.852000
0.97 2 0.53 0.99 11.82 -12.19
0.854000
0.97 2 0.54 0.99 11.54 -11.81
0.856000
0.97 2 0.55 0.99 11.21 -11.53
0.858000
0.97 2 0.56 0.99 9.82 -12.29
0.860000
0.97 2 0.57 0.99 9.44 -11.76
0.862000
0.97 2 0.58 0.98 8.97 -11.50
0.864000
0.97 2 0.59 0.98 8.59 -11.19
0.866000
0.97 1 0.61 0.98 8.13 -9.86
0.868000
0.97 1 0.62 0.98 7.64 -9.65
0.870000
0.99 1 0.63 0.98 7.22 -9.48
0.872000
0.99 1 0.65 0.98 6.18 -9.13
0.874000
0.99 2 0.66 0.97 5.49 -8.80
0.876000
0.99 2 0.67 0.97 4.91 -8.37
0.878000
0.99 2 0.69 0.97 4.25 -7.76
0.880000
0.99 2 0.70 0.97 3.82 -6.95
0.882000
0.99 2 0.71 0.96 2.96 -6.62
0.884000
0.99 2 0.73 0.96 2.28 -6.06
0.886000
0.99 2 0.74 0.96 1.57 -5.30
0.888000
0.99 2 0.76 0.95 0.68 -4.14
0.890000
0.99 7 0.77 0.94 -0.99 -5.30
0.892000
0.99 4 0.79 0.92 -2.63 -1.78
0.894000
0.96 4 0.81 0.91 -2.91 -0.69
0.896000
0.96 3 0.82 0.90 -3.66 1.03
0.898000
0.96 10 0.83 0.88 -6.49 -1.40
0.900000
0.96 11 0.84 0.86 -8.96 -0.03
0.902000
0.94 16 0.86 0.83 -9.17 -1.47
0.904000
0.90 21 0.88 0.81 -10.61 1.63
0.850000
0.97 2 0.52 0.99 12.03 -12.35
0.852000
0.97 2 0.53 0.99 11.82 -12.19
0.854000
0.97 2 0.54 0.99 11.54 -11.81
0.856000
0.97 2 0.55 0.99 11.21 -11.53
0.858000
0.97 2 0.56 0.99 9.82 -12.29
0.860000
0.97 2 0.57 0.99 9.44 -11.76
0.862000
0.97 2 0.58 0.98 8.97 -11.50
0.864000
0.97 2 0.59 0.98 8.59 -11.19
0.866000
0.97 1 0.61 0.98 8.13 -9.86
0.868000
0.97 1 0.62 0.98 7.64 -9.65
0.870000
0.99 1 0.63 0.98 7.22 -9.48
0.872000
0.99 1 0.65 0.98 6.18 -9.13
0.874000
0.99 2 0.66 0.97 5.49 -8.80
0.876000
0.99 2 0.67 0.97 4.91 -8.37
0.878000
0.99 2 0.69 0.97 4.25 -7.76
0.880000
0.99 2 0.70 0.97 3.82 -6.95
0.882000
0.99 2 0.71 0.96 2.96 -6.62
0.884000
0.99 2 0.73 0.96 2.28 -6.06
0.886000
0.99 2 0.74 0.96 1.57 -5.30
0.888000
0.99 2 0.76 0.95 0.68 -4.14
0.890000
0.99 7 0.77 0.94 -0.99 -5.30
0.892000
0.99 4 0.79 0.92 -2.63 -1.78
0.894000
0.96 4 0.81 0.91 -2.91 -0.69
0.896000
0.96 3 0.82 0.90 -3.66 1.03
0.898000
0.96 10 0.83 0.88 -6.49 -1.40
0.900000
0.96 11 0.84 0.86 -8.96 -0.03
0.902000
0.94 16 0.86 0.83 -9.17 -1.47
0.904000
0.90 21 0.88 0.81 -10.61 1.63
0.906000
0.90 21 0.90 0.77 -12.46 2.13
0.850000
0.00 0 0.52 0.99 NaN NaN
0.852000
0.00 0 0.53 0.99 NaN NaN
0.854000
0.00 0 0.54 0.99 NaN NaN
0.856000
0.00 0 0.55 0.99 NaN NaN
0.858000
0.00 0 0.56 0.99 NaN NaN
0.860000
0.00 0 0.57 0.99 NaN NaN
0.862000
0.00 0 0.58 0.98 NaN NaN
0.864000
0.00 0 0.59 0.98 NaN NaN
0.866000
0.00 0 0.61 0.98 NaN NaN
0.868000
0.00 0 0.62 0.98 NaN NaN
0.870000
0.00 0 0.63 0.98 NaN NaN
0.872000
0.00 0 0.65 0.98 NaN NaN
0.874000
0.00 0 0.66 0.97 NaN NaN
0.876000
0.00 0 0.67 0.97 NaN NaN
0.878000
0.00 0 0.69 0.97 NaN NaN
0.880000
0.00 0 0.70 0.97 NaN NaN
0.882000
0.00 0 0.71 0.96 NaN NaN
0.884000
0.00 0 0.73 0.96 NaN NaN
0.886000
0.00 0 0.74 0.96 NaN NaN
0.888000
0.00 0 0.76 0.95 NaN NaN
0.890000
0.00 0 0.77 0.94 NaN NaN
0.892000
0.00 0 0.79 0.92 NaN NaN
0.894000
0.00 0 0.81 0.91 NaN NaN
0.896000
0.00 0 0.82 0.90 NaN NaN
0.898000
0.00 0 0.83 0.88 NaN NaN
0.900000
0.00 0 0.84 0.86 NaN NaN
0.902000
0.00 0 0.86 0.83 NaN NaN
0.904000
0.00 0 0.88 0.81 NaN NaN
0.906000
0.00 0 0.90 0.77 NaN NaN
0.908000
0.00 0 0.91 0.73 NaN NaN
0.910000
0.00 0 0.92 0.70 NaN NaN
0.850000
0.97 2 0.52 0.99 12.03 -12.35
0.852000
0.97 2 0.53 0.99 11.82 -12.19
0.854000
0.97 2 0.54 0.99 11.54 -11.81
0.856000
0.97 2 0.55 0.99 11.21 -11.53
0.858000
0.97 2 0.56 0.99 9.82 -12.29
0.860000
0.97 2 0.57 0.99 9.44 -11.76
0.862000
0.97 2 0.58 0.98 8.97 -11.50
0.864000
0.97 2 0.59 0.98 8.59 -11.19
0.866000
0.97 1 0.61 0.98 8.13 -9.86
0.868000
0.97 1 0.62 0.98 7.64 -9.65
0.870000
0.99 1 0.63 0.98 7.22 -9.48
0.872000
0.99 1 0.65 0.98 6.18 -9.13
0.874000
0.99 2 0.66 0.97 5.49 -8.80
0.876000
0.99 2 0.67 0.97 4.91 -8.37
0.878000
0.99 2 0.69 0.97 4.25 -7.76
0.880000
0.99 2 0.70 0.97 3.82 -6.95
0.882000
0.99 2 0.71 0.96 2.96 -6.62
0.884000
0.99 2 0.73 0.96 2.28 -6.06
0.886000
0.99 2 0.74 0.96 1.57 -5.30
0.888000
0.99 2 0.76 0.95 0.68 -4.14
0.890000
0.99 7 0.77 0.94 -0.99 -5.30
0.892000
0.99 4 0.79 0.92 -2.63 -1.78
0.894000
0.96 4 0.81 0.91 -2.91 -0.69
0.896000
0.96 3 0.82 0.90 -3.66 1.03
0.898000
0.96 10 0.83 0.88 -6.49 -1.40
0.900000
0.96 11 0.84 0.86 -8.96 -0.03
0.902000
0.94 16 0.86 0.83 -9.17 -1.47
0.904000
0.90 21 0.88 0.81 -10.61 1.63
0.906000
0.90 21 0.90 0.77 -12.46 2.13
0.850000
0.97 2 0.52 0.99 12.03 -12.35
0.852000
0.97 2 0.53 0.99 11.82 -12.19
0.854000
0.97 2 0.54 0.99 11.54 -11.81
0.856000
0.97 2 0.55 0.99 11.21 -11.53
0.858000
0.97 2 0.56 0.99 9.82 -12.29
0.860000
0.97 2 0.57 0.99 9.44 -11.76
0.862000
0.97 2 0.58 0.98 8.97 -11.50
0.864000
0.97 2 0.59 0.98 8.59 -11.19
0.866000
0.97 1 0.61 0.98 8.13 -9.86
0.868000
0.97 1 0.62 0.98 7.64 -9.65
0.870000
0.99 1 0.63 0.98 7.22 -9.48
0.872000
0.99 1 0.65 0.98 6.18 -9.13
0.874000
0.99 2 0.66 0.97 5.49 -8.80
0.876000
0.99 2 0.67 0.97 4.91 -8.37
0.878000
0.99 2 0.69 0.97 4.25 -7.76
0.880000
0.99 2 0.70 0.97 3.82 -6.95
0.882000
0.99 2 0.71 0.96 2.96 -6.62
0.884000
0.99 2 0.73 0.96 2.28 -6.06
0.886000
0.99 2 0.74 0.96 1.57 -5.30
0.888000
0.99 2 0.76 0.95 0.68 -4.14
0.890000
0.99 7 0.77 0.94 -0.99 -5.30
0.892000
0.99 4 0.79 0.92 -2.63 -1.78
0.894000
0.96 4 0.81 0.91 -2.91 -0.69
0.896000
0.96 3 0.82 0.90 -3.66 1.03
0.898000
0.96 10 0.83 0.88 -6.49 -1.40
0.900000
0.96 11 0.84 0.86 -8.96 -0.03
0.902000
0.94 16 0.86 0.83 -9.17 -1.47
0.904000
0.90 21 0.88 0.81 -10.61 1.63
0.906000
0.90 21 0.90 0.77 -12.46 2.13
0.908000
0.85 22 0.91 0.73 -11.82 6.13
0.910000
0.82 22 0.92 0.70 -14.56 6.95
0.840000
0.95 2 0.47 0.99 13.28 -13.63
0.841000
0.95 2 0.48 0.99 13.17 -13.61
0.842000
0.96 2 0.48 0.99 12.90 -13.64
0.843000
0.96 2 0.49 0.99 12.71 -13.45
0.840000
0.95 2 0.47 0.99 13.28 -13.63
0.841000
0.95 2 0.48 0.99 13.17 -13.61
0.842000
0.96 2 0.48 0.99 12.90 -13.64
0.843000
0.96 2 0.49 0.99 12.71 -13.45
0.844000
0.96 2 0.49 0.99 12.64 -13.32
0.845000
0.97 2 0.50 0.99 12.69 -13.37
0.846000
0.97 2 0.50 0.99 12.62 -13.32
0.847000
0.97 2 0.50 0.99 12.54 -13.22
0.848000
0.97 2 0.51 0.99 12.33 -13.19
0.849000
0.97 2 0.52 0.99 12.18 -12.73
0.850000
0.97 2 0.52 0.99 12.03 -12.35
0.851000
0.97 2 0.53 0.99 11.95 -12.22
0.852000
0.97 2 0.53 0.99 11.82 -12.19
0.853000
0.97 2 0.54 0.99 11.74 -11.99
0.854000
0.97 2 0.54 0.99 11.54 -11.81
0.855000
0.97 2 0.55 0.99 11.36 -11.60
0.856000
0.97 2 0.55 0.99 11.21 -11.53
0.857000
0.97 2 0.55 0.99 10.85 -11.47
0.858000
0.97 2 0.56 0.99 9.82 -12.29
0.859000
0.97 2 0.57 0.99 9.64 -12.12
0.860000
0.97 2 0.57 0.99 9.44 -11.76
0.861000
0.97 2 0.58 0.99 9.28 -11.63
0.862000
0.97 2 0.58 0.98 8.97 -11.50
0.863000
0.97 2 0.59 0.98 8.79 -11.37
0.864000
0.97 2 0.59 0.98 8.59 -11.19
0.865000
0.97 1 0.60 0.98 8.46 -10.01
0.866000
0.97 1 0.61 0.98 8.13 -9.86
0.867000
0.97 1 0.61 0.98 7.87 -9.68
0.868000
0.97 1 0.62 0.98 7.64 -9.65
0.869000
0.99 1 0.63 0.98 7.49 -9.84
0.870000
0.99 1 0.63 0.98 7.22 -9.48
0.871000
0.99 1 0.64 0.98 6.48 -9.41
0.872000
0.99 1 0.65 0.98 6.18 -9.13
0.873000
0.99 1 0.66 0.97 5.70 -9.05
0.874000
0.99 2 0.66 0.97 5.49 -8.80
0.875000
0.99 2 0.67 0.97 5.09 -8.49
0.876000
0.99 2 0.67 0.97 4.91 -8.37
0.877000
0.99 2 0.68 0.97 4.53 -8.16
0.878000
0.99 2 0.69 0.97 4.25 -7.76
0.879000
0.99 2 0.70 0.97 4.10 -7.28
0.880000
0.99 2 0.70 0.97 3.82 -6.95
0.881000
0.99 2 0.71 0.96 3.24 -6.75
0.882000
0.99 2 0.71 0.96 2.96 -6.62
0.883000
0.99 2 0.72 0.96 2.63 -6.37
0.884000
0.99 2 0.73 0.96 2.28 -6.06
0.885000
0.99 2 0.73 0.96 1.97 -5.81
0.886000
0.99 2 0.74 0.96 1.57 -5.30
0.887000
0.99 2 0.75 0.95 1.19 -4.80
0.888000
0.99 2 0.76 0.95 0.68 -4.14
0.889000
0.99 4 0.76 0.95 0.10 -4.14
0.890000
0.99 7 0.77 0.94 -0.99 -5.30
0.891000
0.99 6 0.78 0.93 -1.77 -3.10
0.892000
0.99 4 0.79 0.92 -2.63 -1.78
0.893000
0.97 6 0.80 0.92 -2.65 -1.00
0.894000
0.96 4 0.81 0.91 -2.91 -0.69
0.895000
0.96 3 0.82 0.91 -3.27 0.61
0.896000
0.96 3 0.82 0.90 -3.66 1.03
0.897000
0.96 7 0.83 0.89 -5.14 -0.64
0.898000
0.96 10 0.83 0.88 -6.49 -1.40
0.899000
0.96 14 0.84 0.87 -7.53 -1.68
0.900000
0.96 11 0.84 0.86 -8.96 -0.03
0.901000
0.94 12 0.85 0.85 -10.19 -2.36
0.902000
0.94 16 0.86 0.83 -9.17 -1.47
0.903000
0.93 23 0.87 0.82 -8.73 -0.55
0.904000
0.90 21 0.88 0.81 -10.61 1.63
0.905000
0.90 21 0.89 0.78 -11.68 2.29
0.906000
0.90 21 0.90 0.77 -12.46 2.13
0.907000
0.86 24 0.90 0.75 -9.97 4.54
0.908000
0.85 22 0.91 0.73 -11.82 6.13
0.909000
0.85 25 0.92 0.71 -13.04 7.22
0.910000
0.82 22 0.92 0.70 -14.56 6.95
0.911000
0.81 27 0.93 0.68 -15.35 8.29
0.912000
0.80 25 0.94 0.66 -15.23 10.97
0.913000
0.78 29 0.94 0.65 -18.27 7.44
0.914000
0.76 31 0.95 0.63 -19.18 11.10
0.915000
0.75 32 0.96 0.61 -20.00 12.90
0.916000
0.72 37 0.96 0.58 -20.53 12.45
0.917000
0.68 35 0.97 0.56 -21.67 12.52
0.918000
0.66 36 0.97 0.53 -22.55 16.34
0.919000
0.64 33 0.98 0.52 -26.10 14.71
0.920000
0.60 32 0.99 0.50 -26.50 18.25
0.921000
0.60 31 0.99 0.48 -22.54 21.46
0.922000
0.54 33 0.99 0.46 -25.51 21.70
0.923000
0.49 35 0.99 0.44 -22.64 30.26
0.924000
0.46 36 0.99 0.41 -26.97 29.51
0.925000
0.42 30 0.99 0.39 -35.44 31.03
0.926000
0.41 30 0.99 0.38 -37.45 33.67
0.927000
0.39 33 0.99 0.36 -39.68 34.16
0.928000
0.33 35 0.99 0.34 -35.08 41.12
0.929000
0.28 41 1.00 0.32 -34.91 37.05
0.930000
0.26 40 1.00 0.30 -28.62 36.67
0.840000
0.95 2 0.47 0.99 13.28 -13.63
0.841000
0.95 2 0.48 0.99 13.17 -13.61
0.842000
0.96 2 0.48 0.99 12.90 -13.64
0.843000
0.96 2 0.49 0.99 12.71 -13.45
0.844000
0.96 2 0.49 0.99 12.64 -13.32
0.845000
0.97 2 0.50 0.99 12.69 -13.37
0.846000
0.97 2 0.50 0.99 12.62 -13.32
0.847000
0.97 2 0.50 0.99 12.54 -13.22
0.848000
0.97 2 0.51 0.99 12.33 -13.19
0.849000
0.97 2 0.52 0.99 12.18 -12.73
0.850000
0.97 2 0.52 0.99 12.03 -12.35
0.851000
0.97 2 0.53 0.99 11.95 -12.22
0.852000
0.97 2 0.53 0.99 11.82 -12.19
0.853000
0.97 2 0.54 0.99 11.74 -11.99
0.854000
0.97 2 0.54 0.99 11.54 -11.81
0.855000
0.97 2 0.55 0.99 11.36 -11.60
0.856000
0.97 2 0.55 0.99 11.21 -11.53
0.857000
0.97 2 0.55 0.99 10.85 -11.47
0.858000
0.97 2 0.56 0.99 9.82 -12.29
0.859000
0.97 2 0.57 0.99 9.64 -12.12
0.860000
0.97 2 0.57 0.99 9.44 -11.76
0.861000
0.97 2 0.58 0.99 9.28 -11.63
0.862000
0.97 2 0.58 0.98 8.97 -11.50
0.863000
0.97 2 0.59 0.98 8.79 -11.37
0.864000
0.97 2 0.59 0.98 8.59 -11.19
0.865000
0.97 1 0.60 0.98 8.46 -10.01
0.866000
0.97 1 0.61 0.98 8.13 -9.86
0.867000
0.97 1 0.61 0.98 7.87 -9.68
0.868000
0.97 1 0.62 0.98 7.64 -9.65
0.869000
0.99 1 0.63 0.98 7.49 -9.84
0.870000
0.99 1 0.63 0.98 7.22 -9.48
0.871000
0.99 1 0.64 0.98 6.48 -9.41
0.872000
0.99 1 0.65 0.98 6.18 -9.13
0.873000
0.99 1 0.66 0.97 5.70 -9.05
0.874000
0.99 2 0.66 0.97 5.49 -8.80
0.875000
0.99 2 0.67 0.97 5.09 -8.49
0.876000
0.99 2 0.67 0.97 4.91 -8.37
0.877000
0.99 2 0.68 0.97 4.53 -8.16
0.878000
0.99 2 0.69 0.97 4.25 -7.76
0.879000
0.99 2 0.70 0.97 4.10 -7.28
0.880000
0.99 2 0.70 0.97 3.82 -6.95
0.881000
0.99 2 0.71 0.96 3.24 -6.75
0.882000
0.99 2 0.71 0.96 2.96 -6.62
0.883000
0.99 2 0.72 0.96 2.63 -6.37
0.884000
0.99 2 0.73 0.96 2.28 -6.06
0.885000
0.99 2 0.73 0.96 1.97 -5.81
0.886000
0.99 2 0.74 0.96 1.57 -5.30
0.887000
0.99 2 0.75 0.95 1.19 -4.80
0.888000
0.99 2 0.76 0.95 0.68 -4.14
0.889000
0.99 4 0.76 0.95 0.10 -4.14
0.890000
0.99 7 0.77 0.94 -0.99 -5.30
0.891000
0.99 6 0.78 0.93 -1.77 -3.10
0.892000
0.99 4 0.79 0.92 -2.63 -1.78
0.893000
0.97 6 0.80 0.92 -2.65 -1.00
0.894000
0.96 4 0.81 0.91 -2.91 -0.69
0.895000
0.96 3 0.82 0.91 -3.27 0.61
0.896000
0.96 3 0.82 0.90 -3.66 1.03
0.897000
0.96 7 0.83 0.89 -5.14 -0.64
0.898000
0.96 10 0.83 0.88 -6.49 -1.40
0.899000
0.96 14 0.84 0.87 -7.53 -1.68
0.900000
0.96 11 0.84 0.86 -8.96 -0.03
0.901000
0.94 12 0.85 0.85 -10.19 -2.36
0.902000
0.94 16 0.86 0.83 -9.17 -1.47
0.903000
0.94 22 0.87 0.82 -10.45 -1.84
0.904000
0.91 20 0.88 0.81 -12.36 0.27
0.905000
0.91 20 0.89 0.78 -12.89 2.25
0.906000
0.91 20 0.90 0.77 -13.66 2.08
0.907000
0.86 24 0.90 0.75 -9.97 4.54
0.908000
0.85 22 0.91 0.73 -11.82 6.13
0.909000
0.85 25 0.92 0.71 -13.04 7.22
0.910000
0.82 22 0.92 0.70 -14.56 6.95
0.911000
0.81 27 0.93 0.68 -15.35 8.29
0.912000
0.80 25 0.94 0.66 -15.23 10.97
0.913000
0.78 29 0.94 0.65 -20.02 3.98
0.914000
0.76 31 0.95 0.63 -19.70 9.23
0.915000
0.75 32 0.96 0.61 -20.00 12.90
0.916000
0.72 37 0.96 0.58 -20.53 12.45
0.917000
0.68 35 0.97 0.56 -23.15 9.67
0.918000
0.66 36 0.97 0.53 -23.98 13.43
0.919000
0.65 32 0.98 0.52 -27.40 12.50
0.920000
0.61 31 0.99 0.50 -27.88 15.84
0.921000
0.61 30 0.99 0.48 -24.04 18.98
0.922000
0.55 32 0.99 0.46 -21.30 27.02
0.923000
0.49 35 0.99 0.44 -24.03 26.26
0.924000
0.46 36 0.99 0.41 -30.11 21.78
0.925000
0.42 30 0.99 0.39 -35.44 31.03
0.926000
0.41 30 0.99 0.38 -37.45 33.67
0.927000
0.39 33 0.99 0.36 -39.68 34.16
0.928000
0.34 35 0.99 0.34 -27.96 47.89
0.929000
0.31 39 1.00 0.32 -32.48 47.32
0.930000
0.29 38 1.00 0.30 -34.87 39.65
0.840000
0.95 2 0.47 0.99 13.28 -13.63
0.841000
0.95 2 0.48 0.99 13.17 -13.61
0.842000
0.96 2 0.48 0.99 12.90 -13.64
0.843000
0.96 2 0.49 0.99 12.71 -13.45
0.844000
0.96 2 0.49 0.99 12.64 -13.32
0.845000
0.97 2 0.50 0.99 12.69 -13.37
0.846000
0.97 2 0.50 0.99 12.62 -13.32
0.847000
0.97 2 0.50 0.99 12.54 -13.22
0.848000
0.97 2 0.51 0.99 12.33 -13.19
0.849000
0.97 2 0.52 0.99 12.18 -12.73
0.850000
0.97 2 0.52 0.99 12.03 -12.35
0.851000
0.97 2 0.53 0.99 11.95 -12.22
0.852000
0.97 2 0.53 0.99 11.82 -12.19
0.853000
0.97 2 0.54 0.99 11.74 -11.99
0.854000
0.97 2 0.54 0.99 11.54 -11.81
0.855000
0.97 2 0.55 0.99 11.36 -11.60
0.856000
0.97 2 0.55 0.99 11.21 -11.53
0.857000
0.97 2 0.55 0.99 10.85 -11.47
0.858000
0.97 2 0.56 0.99 9.82 -12.29
0.859000
0.97 2 0.57 0.99 9.64 -12.12
0.860000
0.97 2 0.57 0.99 9.44 -11.76
0.861000
0.97 2 0.58 0.99 9.28 -11.63
0.862000
0.97 2 0.58 0.98 8.97 -11.50
0.863000
0.97 2 0.59 0.98 8.79 -11.37
0.864000
0.97 2 0.59 0.98 8.59 -11.19
0.865000
0.97 1 0.60 0.98 8.46 -10.01
0.866000
0.97 1 0.61 0.98 8.13 -9.86
0.867000
0.97 1 0.61 0.98 7.87 -9.68
0.868000
0.97 1 0.62 0.98 7.64 -9.65
0.869000
0.99 1 0.63 0.98 7.49 -9.84
0.870000
0.99 1 0.63 0.98 7.22 -9.48
0.871000
0.99 1 0.64 0.98 6.48 -9.41
0.872000
0.99 1 0.65 0.98 6.18 -9.13
0.873000
0.99 1 0.66 0.97 5.70 -9.05
0.874000
0.99 2 0.66 0.97 5.49 -8.80
0.875000
0.99 2 0.67 0.97 5.09 -8.49
0.876000
0.99 2 0.67 0.97 4.91 -8.37
0.877000
0.99 2 0.68 0.97 4.53 -8.16
0.878000
0.99 2 0.69 0.97 4.25 -7.76
0.879000
0.99 2 0.70 0.97 4.10 -7.28
0.880000
0.99 2 0.70 0.97 3.82 -6.95
0.881000
0.99 2 0.71 0.96 3.24 -6.75
0.882000
0.99 2 0.71 0.96 2.96 -6.62
0.883000
0.99 2 0.72 0.96 2.63 -6.37
0.884000
0.99 2 0.73 0.96 2.28 -6.06
0.885000
0.99 2 0.73 0.96 1.97 -5.81
0.886000
0.99 2 0.74 0.96 1.57 -5.30
0.887000
0.99 2 0.75 0.95 1.19 -4.80
0.888000
0.99 2 0.76 0.95 0.68 -4.14
0.889000
0.99 4 0.76 0.95 0.10 -4.14
0.890000
0.99 7 0.77 0.94 -0.99 -5.30
0.891000
0.99 6 0.78 0.93 -1.77 -3.10
0.892000
0.99 4 0.79 0.92 -2.63 -1.78
0.893000
0.97 6 0.80 0.92 -2.65 -1.00
0.894000
0.96 4 0.81 0.91 -2.91 -0.69
0.895000
0.96 3 0.82 0.91 -3.27 0.61
0.896000
0.96 3 0.82 0.90 -3.66 1.03
0.897000
0.96 7 0.83 0.89 -5.14 -0.64
0.898000
0.96 10 0.83 0.88 -6.49 -1.40
0.899000
0.96 14 0.84 0.87 -7.53 -1.68
0.900000
0.96 11 0.84 0.86 -8.96 -0.03
0.901000
0.94 12 0.85 0.85 -10.19 -2.36
0.902000
0.94 16 0.86 0.83 -9.17 -1.47
0.903000
0.94 22 0.87 0.82 -10.45 -1.84
0.904000
0.91 20 0.88 0.81 -12.36 0.27
0.905000
0.91 20 0.89 0.78 -12.89 2.25
0.906000
0.91 20 0.90 0.77 -13.66 2.08
0.907000
0.86 24 0.90 0.75 -9.97 4.54
0.908000
0.85 22 0.91 0.73 -11.82 6.13
0.909000
0.85 25 0.92 0.71 -13.04 7.22
0.910000
0.82 22 0.92 0.70 -14.56 6.95
0.911000
0.81 27 0.93 0.68 -15.35 8.29
0.912000
0.80 25 0.94 0.66 -15.23 10.97
0.913000
0.78 29 0.94 0.65 -20.02 3.98
0.914000
0.76 31 0.95 0.63 -19.70 9.23
0.915000
0.75 32 0.96 0.61 -20.00 12.90
0.916000
0.72 37 0.96 0.58 -20.53 12.45
0.917000
0.68 35 0.97 0.56 -23.15 9.67
0.918000
0.66 36 0.97 0.53 -23.98 13.43
0.919000
0.65 32 0.98 0.52 -27.40 12.50
0.920000
0.61 31 0.99 0.50 -27.88 15.84
0.921000
0.61 30 0.99 0.48 -24.04 18.98
0.922000
0.55 32 0.99 0.46 -21.30 27.02
0.923000
0.49 35 0.99 0.44 -24.03 26.26
0.924000
0.46 36 0.99 0.41 -30.11 21.78
0.925000
0.42 30 0.99 0.39 -35.44 31.03
0.926000
0.41 30 0.99 0.38 -37.45 33.67
0.927000
0.39 33 0.99 0.36 -39.68 34.16
0.928000
0.34 35 0.99 0.34 -27.96 47.89
0.929000
0.31 39 1.00 0.32 -32.48 47.32
0.930000
0.29 38 1.00 0.30 -34.87 39.65
0.840000
0.95 2 0.47 0.99 13.28 -13.63
0.841000
0.95 2 0.48 0.99 13.17 -13.61
0.842000
0.96 2 0.48 0.99 12.90 -13.64
0.843000
0.96 2 0.49 0.99 12.71 -13.45
0.844000
0.96 2 0.49 0.99 12.64 -13.32
0.845000
0.97 2 0.50 0.99 12.69 -13.37
0.846000
0.97 2 0.50 0.99 12.62 -13.32
0.847000
0.97 2 0.50 0.99 12.54 -13.22
0.848000
0.97 2 0.51 0.99 12.33 -13.19
0.849000
0.97 2 0.52 0.99 12.18 -12.73
0.850000
0.97 2 0.52 0.99 12.03 -12.35
0.851000
0.97 2 0.53 0.99 11.95 -12.22
0.852000
0.97 2 0.53 0.99 11.82 -12.19
0.853000
0.97 2 0.54 0.99 11.74 -11.99
0.854000
0.97 2 0.54 0.99 11.54 -11.81
0.855000
0.97 2 0.55 0.99 11.36 -11.60
0.856000
0.97 2 0.55 0.99 11.21 -11.53
0.857000
0.97 2 0.55 0.99 10.85 -11.47
0.858000
0.97 2 0.56 0.99 9.82 -12.29
0.859000
0.97 2 0.57 0.99 9.64 -12.12
0.860000
0.97 2 0.57 0.99 9.44 -11.76
0.861000
0.97 2 0.58 0.99 9.28 -11.63
0.862000
0.97 2 0.58 0.98 8.97 -11.50
0.863000
0.97 2 0.59 0.98 8.79 -11.37
0.864000
0.97 2 0.59 0.98 8.59 -11.19
0.865000
0.97 1 0.60 0.98 8.46 -10.01
0.866000
0.97 1 0.61 0.98 8.13 -9.86
0.867000
0.97 1 0.61 0.98 7.87 -9.68
0.868000
0.97 1 0.62 0.98 7.64 -9.65
0.869000
0.99 1 0.63 0.98 7.49 -9.84
0.870000
0.99 1 0.63 0.98 7.22 -9.48
0.871000
0.99 1 0.64 0.98 6.48 -9.41
0.872000
0.99 1 0.65 0.98 6.18 -9.13
0.873000
0.99 1 0.66 0.97 5.70 -9.05
0.874000
0.99 2 0.66 0.97 5.49 -8.80
0.875000
0.99 2 0.67 0.97 5.09 -8.49
0.876000
0.99 2 0.67 0.97 4.91 -8.37
0.877000
0.99 2 0.68 0.97 4.53 -8.16
0.878000
0.99 2 0.69 0.97 4.25 -7.76
0.879000
0.99 2 0.70 0.97 4.10 -7.28
0.880000
0.99 2 0.70 0.97 3.82 -6.95
0.881000
0.99 2 0.71 0.96 3.24 -6.75
0.882000
0.99 2 0.71 0.96 2.96 -6.62
0.883000
0.99 2 0.72 0.96 2.63 -6.37
0.884000
0.99 2 0.73 0.96 2.28 -6.06
0.885000
0.99 2 0.73 0.96 1.97 -5.81
0.886000
0.99 2 0.74 0.96 1.57 -5.30
0.887000
0.99 2 0.75 0.95 1.19 -4.80
0.888000
0.99 2 0.76 0.95 0.68 -4.14
0.889000
0.99 4 0.76 0.95 0.10 -4.14
0.890000
0.99 7 0.77 0.94 -0.99 -5.30
0.891000
0.99 6 0.78 0.93 -1.77 -3.10
0.892000
0.99 4 0.79 0.92 -2.63 -1.78
0.893000
0.97 6 0.80 0.92 -2.65 -1.00
0.894000
0.96 4 0.81 0.91 -2.91 -0.69
0.895000
0.96 3 0.82 0.91 -3.27 0.61
0.896000
0.96 3 0.82 0.90 -3.66 1.03
0.897000
0.96 7 0.83 0.89 -5.14 -0.64
0.898000
0.96 10 0.83 0.88 -6.49 -1.40
0.899000
0.96 14 0.84 0.87 -7.53 -1.68
0.900000
0.96 11 0.84 0.86 -8.96 -0.03
0.901000
0.94 12 0.85 0.85 -10.19 -2.36
0.902000
0.94 16 0.86 0.83 -9.17 -1.47
0.903000
0.94 22 0.87 0.82 -10.45 -1.84
0.904000
0.91 20 0.88 0.81 -12.36 0.27
0.905000
0.91 20 0.89 0.78 -12.89 2.25
0.906000
0.91 20 0.90 0.77 -13.66 2.08
0.907000
0.86 24 0.90 0.75 -9.97 4.54
0.908000
0.85 22 0.91 0.73 -11.82 6.13
0.909000
0.85 25 0.92 0.71 -13.04 7.22
0.910000
0.82 22 0.92 0.70 -14.56 6.95
0.911000
0.81 27 0.93 0.68 -15.35 8.29
0.912000
0.80 25 0.94 0.66 -15.23 10.97
0.913000
0.78 29 0.94 0.65 -20.02 3.98
0.914000
0.76 31 0.95 0.63 -19.70 9.23
0.915000
0.75 32 0.96 0.61 -20.00 12.90
0.916000
0.72 37 0.96 0.58 -20.53 12.45
0.917000
0.68 35 0.97 0.56 -23.15 9.67
0.918000
0.66 36 0.97 0.53 -23.98 13.43
0.919000
0.65 32 0.98 0.52 -27.40 12.50
0.920000
0.61 31 0.99 0.50 -27.88 15.84
0.921000
0.61 30 0.99 0.48 -24.04 18.98
0.922000
0.55 32 0.99 0.46 -21.30 27.02
0.923000
0.49 35 0.99 0.44 -24.03 26.26
0.924000
0.46 36 0.99 0.41 -30.11 21.78
0.925000
0.42 30 0.99 0.39 -35.44 31.03
0.926000
0.41 30 0.99 0.38 -37.45 33.67
0.927000
0.39 33 0.99 0.36 -39.68 34.16
0.928000
0.34 35 0.99 0.34 -27.96 47.89
0.929000
0.31 39 1.00 0.32 -32.48 47.32
0.930000
0.29 38 1.00 0.30 -34.87 39.65
0.840000
0.95 2 0.47 0.99 11.86 -15.26
0.841000
0.95 2 0.48 0.99 11.75 -15.24
0.842000
0.96 2 0.48 0.99 11.49 -15.25
0.843000
0.96 2 0.49 0.99 11.31 -15.06
0.844000
0.96 2 0.49 0.99 11.23 -14.83
0.845000
0.97 2 0.50 0.99 11.31 -14.86
0.846000
0.97 2 0.50 0.99 11.23 -14.81
0.847000
0.97 2 0.50 0.99 11.15 -14.71
0.848000
0.97 2 0.51 0.99 10.95 -14.68
0.849000
0.97 2 0.52 0.99 10.79 -14.22
0.850000
0.97 2 0.52 0.99 10.64 -13.86
0.851000
0.97 2 0.53 0.99 10.56 -13.73
0.852000
0.97 2 0.53 0.99 10.44 -13.71
0.853000
0.97 2 0.54 0.99 10.36 -13.50
0.854000
0.97 2 0.54 0.99 10.15 -13.32
0.855000
0.97 2 0.55 0.99 9.97 -13.12
0.856000
0.97 2 0.55 0.99 9.82 -13.04
0.857000
0.97 2 0.55 0.99 9.46 -12.99
0.858000
0.97 2 0.56 0.99 8.44 -13.81
0.859000
0.97 2 0.57 0.99 8.26 -13.63
0.860000
0.97 2 0.57 0.99 8.05 -13.27
0.861000
0.97 2 0.58 0.99 7.90 -13.14
0.862000
0.97 2 0.58 0.98 7.64 -12.99
0.863000
0.97 2 0.59 0.98 7.46 -12.86
0.864000
0.97 2 0.59 0.98 7.26 -12.68
0.865000
0.97 1 0.60 0.98 7.13 -11.53
0.866000
0.97 1 0.61 0.98 6.79 -11.37
0.867000
0.97 1 0.61 0.98 6.54 -11.19
0.868000
0.97 1 0.62 0.98 6.31 -11.17
0.869000
0.99 1 0.63 0.98 6.18 -11.33
0.870000
0.99 1 0.63 0.98 5.92 -10.97
0.871000
0.99 1 0.64 0.98 5.19 -10.90
0.872000
0.99 1 0.65 0.98 4.89 -10.62
0.873000
0.99 1 0.66 0.97 4.41 -10.54
0.874000
0.99 2 0.66 0.97 3.16 -11.99
0.875000
0.99 2 0.67 0.97 2.76 -11.68
0.876000
0.99 2 0.67 0.97 2.58 -11.56
0.877000
0.99 2 0.68 0.97 2.20 -11.35
0.878000
0.99 2 0.69 0.97 1.95 -10.95
0.879000
0.99 2 0.70 0.97 1.80 -10.67
0.880000
0.99 2 0.70 0.97 1.52 -10.34
0.881000
0.99 2 0.71 0.96 0.94 -10.14
0.882000
0.99 2 0.71 0.96 0.66 -10.01
0.883000
0.99 2 0.72 0.96 0.33 -9.68
0.884000
0.99 2 0.73 0.96 0.05 -9.35
0.885000
0.99 2 0.73 0.96 -0.25 -9.00
0.886000
0.99 2 0.74 0.96 -0.68 -8.57
0.887000
0.99 2 0.75 0.95 -1.04 -8.06
0.888000
0.99 2 0.76 0.95 -0.38 -5.99
0.889000
0.99 4 0.76 0.95 -0.96 -5.99
0.890000
0.99 7 0.77 0.94 -2.05 -7.15
0.891000
0.99 6 0.78 0.93 -2.84 -5.00
0.892000
0.99 4 0.79 0.92 -3.70 -3.71
0.893000
0.99 5 0.80 0.92 -6.00 -4.62
0.894000
0.97 3 0.81 0.91 -5.06 -1.82
0.895000
0.97 2 0.82 0.91 -4.35 1.56
0.896000
0.97 2 0.82 0.90 -4.71 2.03
0.897000
0.97 6 0.83 0.89 -7.09 -1.28
0.898000
0.97 9 0.83 0.88 -8.91 -3.91
0.899000
0.97 13 0.84 0.87 -10.71 -5.82
0.900000
0.97 10 0.84 0.86 -11.04 -0.58
0.901000
0.96 10 0.85 0.85 -11.61 1.39
0.902000
0.96 14 0.86 0.83 -14.60 -1.61
0.903000
0.96 20 0.87 0.82 -15.82 -2.05
0.904000
0.96 16 0.88 0.81 -16.49 4.52
0.905000
0.95 17 0.89 0.78 -19.18 3.01
0.906000
0.95 17 0.90 0.77 -19.84 3.09
0.907000
0.94 18 0.90 0.75 -18.48 11.43
0.908000
0.93 16 0.91 0.73 -20.59 12.53
0.909000
0.91 20 0.92 0.71 -23.41 14.97
0.910000
0.89 17 0.92 0.70 -23.69 6.51
0.911000
0.89 21 0.93 0.68 -27.92 4.79
0.912000
0.86 20 0.94 0.66 -25.03 6.57
0.913000
0.85 23 0.94 0.65 -30.19 0.10
0.914000
0.85 24 0.95 0.63 -31.51 4.75
0.915000
0.86 23 0.96 0.61 -31.38 9.00
0.916000
0.86 26 0.96 0.58 -37.20 2.10
0.917000
0.84 22 0.97 0.56 -35.57 13.85
0.918000
0.84 22 0.97 0.53 -36.97 18.93
0.919000
0.81 19 0.98 0.52 -36.02 30.57
0.920000
0.78 18 0.99 0.50 -34.90 42.29
0.921000
0.79 16 0.99 0.48 -42.33 37.71
0.922000
0.76 15 0.99 0.46 -36.66 55.38
0.923000
0.72 16 0.99 0.44 -37.02 64.14
0.924000
0.74 14 0.99 0.41 -33.22 71.10
0.925000
0.69 9 0.99 0.39 -38.38 87.18
0.926000
0.66 10 0.99 0.38 -39.40 96.55
0.927000
0.68 10 0.99 0.36 -41.39 92.65
0.928000
0.66 9 0.99 0.34 -27.04 156.98
0.929000
0.66 11 1.00 0.32 -27.36 155.85
0.930000
0.64 10 1.00 0.30 -32.47 161.80
0.840000
0.95 2 0.47 0.99 11.86 -15.26
0.841000
0.95 2 0.48 0.99 11.75 -15.24
0.842000
0.96 2 0.48 0.99 11.49 -15.25
0.843000
0.96 2 0.49 0.99 11.31 -15.06
0.844000
0.96 2 0.49 0.99 11.23 -14.83
0.845000
0.97 2 0.50 0.99 11.31 -14.86
0.846000
0.97 2 0.50 0.99 11.23 -14.81
0.847000
0.97 2 0.50 0.99 11.15 -14.71
0.848000
0.97 2 0.51 0.99 10.95 -14.68
0.849000
0.97 2 0.52 0.99 10.79 -14.22
0.850000
0.97 2 0.52 0.99 10.64 -13.86
0.851000
0.97 2 0.53 0.99 10.56 -13.73
0.852000
0.97 2 0.53 0.99 10.44 -13.71
0.853000
0.97 2 0.54 0.99 10.36 -13.50
0.854000
0.97 2 0.54 0.99 10.15 -13.32
0.855000
0.97 2 0.55 0.99 9.97 -13.12
0.856000
0.97 2 0.55 0.99 9.82 -13.04
0.857000
0.97 2 0.55 0.99 9.46 -12.99
0.858000
0.97 2 0.56 0.99 8.44 -13.81
0.859000
0.97 2 0.57 0.99 8.26 -13.63
0.860000
0.97 2 0.57 0.99 8.05 -13.27
0.861000
0.97 2 0.58 0.99 7.90 -13.14
0.862000
0.97 2 0.58 0.98 7.64 -12.99
0.863000
0.97 2 0.59 0.98 7.46 -12.86
0.864000
0.97 2 0.59 0.98 7.26 -12.68
0.865000
0.97 1 0.60 0.98 7.13 -11.53
0.866000
0.97 1 0.61 0.98 6.79 -11.37
0.867000
0.97 1 0.61 0.98 6.54 -11.19
0.868000
0.97 1 0.62 0.98 6.31 -11.17
0.869000
0.99 1 0.63 0.98 6.18 -11.33
0.870000
0.99 1 0.63 0.98 5.92 -10.97
0.871000
0.99 1 0.64 0.98 5.19 -10.90
0.872000
0.99 1 0.65 0.98 4.89 -10.62
0.873000
0.99 1 0.66 0.97 4.41 -10.54
0.874000
0.99 2 0.66 0.97 3.16 -11.99
0.875000
0.99 2 0.67 0.97 2.76 -11.68
0.876000
0.99 2 0.67 0.97 2.58 -11.56
0.877000
0.99 2 0.68 0.97 2.20 -11.35
0.878000
0.99 2 0.69 0.97 1.95 -10.95
0.879000
0.99 2 0.70 0.97 1.80 -10.67
0.880000
0.99 2 0.70 0.97 1.52 -10.34
0.881000
0.99 2 0.71 0.96 0.94 -10.14
0.882000
0.99 2 0.71 0.96 0.66 -10.01
0.883000
0.99 2 0.72 0.96 0.33 -9.68
0.884000
0.99 2 0.73 0.96 0.05 -9.35
0.885000
0.99 2 0.73 0.96 -0.25 -9.00
0.886000
0.99 2 0.74 0.96 -0.68 -8.57
0.887000
0.99 2 0.75 0.95 -1.04 -8.06
0.888000
0.99 2 0.76 0.95 -0.38 -5.99
0.889000
0.99 4 0.76 0.95 -0.96 -5.99
0.890000
0.99 7 0.77 0.94 -2.05 -7.15
0.891000
0.99 6 0.78 0.93 -2.84 -5.00
0.892000
0.99 4 0.79 0.92 -3.70 -3.71
0.893000
0.99 5 0.80 0.92 -6.00 -4.62
0.894000
0.97 3 0.81 0.91 -5.06 -1.82
0.895000
0.97 2 0.82 0.91 -4.35 1.56
0.896000
0.97 2 0.82 0.90 -4.71 2.03
0.897000
0.97 6 0.83 0.89 -7.09 -1.28
0.898000
0.97 9 0.83 0.88 -8.91 -3.91
0.899000
0.97 13 0.84 0.87 -10.71 -5.82
0.900000
0.97 10 0.84 0.86 -11.04 -0.58
0.901000
0.96 10 0.85 0.85 -11.61 1.39
0.902000
0.96 14 0.86 0.83 -14.60 -1.61
0.903000
0.96 20 0.87 0.82 -15.82 -2.05
0.904000
0.96 16 0.88 0.81 -16.49 4.52
0.905000
0.95 17 0.89 0.78 -19.18 3.01
0.906000
0.95 17 0.90 0.77 -19.84 3.09
0.907000
0.94 18 0.90 0.75 -18.48 11.43
0.908000
0.93 16 0.91 0.73 -20.59 12.53
0.909000
0.91 20 0.92 0.71 -23.41 14.97
0.910000
0.89 17 0.92 0.70 -23.69 6.51
0.911000
0.89 21 0.93 0.68 -27.92 4.79
0.912000
0.86 20 0.94 0.66 -25.03 6.57
0.913000
0.85 23 0.94 0.65 -30.19 0.10
0.914000
0.85 24 0.95 0.63 -31.51 4.75
0.915000
0.86 23 0.96 0.61 -31.38 9.00
0.916000
0.86 26 0.96 0.58 -37.20 2.10
0.917000
0.84 22 0.97 0.56 -35.57 13.85
0.918000
0.84 22 0.97 0.53 -36.97 18.93
0.919000
0.81 19 0.98 0.52 -36.02 30.57
0.920000
0.78 18 0.99 0.50 -34.90 42.29
0.921000
0.79 16 0.99 0.48 -42.33 37.71
0.922000
0.76 15 0.99 0.46 -36.66 55.38
0.923000
0.72 16 0.99 0.44 -37.02 64.14
0.924000
0.74 14 0.99 0.41 -33.22 71.10
0.925000
0.69 9 0.99 0.39 -38.38 87.18
0.926000
0.66 10 0.99 0.38 -39.40 96.55
0.927000
0.68 10 0.99 0.36 -41.39 92.65
0.928000
0.66 9 0.99 0.34 -27.04 156.98
0.929000
0.66 11 1.00 0.32 -27.36 155.85
0.930000
0.64 10 1.00 0.30 -32.47 161.80
0.840000
0.95 2 0.47 0.99 11.86 -15.26
0.841000
0.95 2 0.48 0.99 11.75 -15.24
0.842000
0.96 2 0.48 0.99 11.49 -15.25
0.843000
0.96 2 0.49 0.99 11.31 -15.06
0.844000
0.96 2 0.49 0.99 11.23 -14.83
0.845000
0.97 2 0.50 0.99 11.31 -14.86
0.846000
0.97 2 0.50 0.99 11.23 -14.81
0.847000
0.97 2 0.50 0.99 11.15 -14.71
0.848000
0.97 2 0.51 0.99 10.95 -14.68
0.849000
0.97 2 0.52 0.99 10.79 -14.22
0.850000
0.97 2 0.52 0.99 10.64 -13.86
0.851000
0.97 2 0.53 0.99 10.56 -13.73
0.852000
0.97 2 0.53 0.99 10.44 -13.71
0.853000
0.97 2 0.54 0.99 10.36 -13.50
0.854000
0.97 2 0.54 0.99 10.15 -13.32
0.855000
0.97 2 0.55 0.99 9.97 -13.12
0.856000
0.97 2 0.55 0.99 9.82 -13.04
0.857000
0.97 2 0.55 0.99 9.46 -12.99
0.858000
0.97 2 0.56 0.99 8.44 -13.81
0.859000
0.97 2 0.57 0.99 8.26 -13.63
0.860000
0.97 2 0.57 0.99 8.05 -13.27
0.861000
0.97 2 0.58 0.99 7.90 -13.14
0.862000
0.97 2 0.58 0.98 7.64 -12.99
0.863000
0.97 2 0.59 0.98 7.46 -12.86
0.864000
0.97 2 0.59 0.98 7.26 -12.68
0.865000
0.97 1 0.60 0.98 7.13 -11.53
0.866000
0.97 1 0.61 0.98 6.79 -11.37
0.867000
0.97 1 0.61 0.98 6.54 -11.19
0.868000
0.97 1 0.62 0.98 6.31 -11.17
0.869000
0.99 1 0.63 0.98 6.18 -11.33
0.870000
0.99 1 0.63 0.98 5.92 -10.97
0.871000
0.99 1 0.64 0.98 5.19 -10.90
0.872000
0.99 1 0.65 0.98 4.89 -10.62
0.873000
0.99 1 0.66 0.97 4.41 -10.54
0.874000
0.99 2 0.66 0.97 3.16 -11.99
0.875000
0.99 2 0.67 0.97 2.76 -11.68
0.876000
0.99 2 0.67 0.97 2.58 -11.56
0.877000
0.99 2 0.68 0.97 2.20 -11.35
0.878000
0.99 2 0.69 0.97 1.95 -10.95
0.879000
0.99 2 0.70 0.97 1.80 -10.67
0.880000
0.99 2 0.70 0.97 1.52 -10.34
0.881000
0.99 2 0.71 0.96 0.94 -10.14
0.882000
0.99 2 0.71 0.96 0.66 -10.01
0.883000
0.99 2 0.72 0.96 0.33 -9.68
0.884000
0.99 2 0.73 0.96 0.05 -9.35
0.885000
0.99 2 0.73 0.96 -0.25 -9.00
0.886000
0.99 2 0.74 0.96 -0.68 -8.57
0.887000
0.99 2 0.75 0.95 -1.04 -8.06
0.888000
0.99 2 0.76 0.95 -0.38 -5.99
0.889000
0.99 4 0.76 0.95 -0.96 -5.99
0.890000
0.99 7 0.77 0.94 -2.05 -7.15
0.891000
0.99 6 0.78 0.93 -2.84 -5.00
0.892000
0.99 4 0.79 0.92 -3.70 -3.71
0.893000
0.99 5 0.80 0.92 -6.00 -4.62
0.894000
0.97 3 0.81 0.91 -5.06 -1.82
0.895000
0.97 2 0.82 0.91 -4.35 1.56
0.896000
0.97 2 0.82 0.90 -4.71 2.03
0.897000
0.97 6 0.83 0.89 -7.09 -1.28
0.898000
0.97 9 0.83 0.88 -8.91 -3.91
0.899000
0.97 13 0.84 0.87 -10.71 -5.82
0.900000
0.97 10 0.84 0.86 -11.04 -0.58
0.901000
0.96 10 0.85 0.85 -11.61 1.39
0.902000
0.96 14 0.86 0.83 -14.60 -1.61
0.903000
0.96 20 0.87 0.82 -15.82 -2.05
0.904000
0.96 16 0.88 0.81 -16.49 4.52
0.905000
0.95 17 0.89 0.78 -19.18 3.01
0.906000
0.95 17 0.90 0.77 -19.84 3.09
0.907000
0.94 18 0.90 0.75 -18.48 11.43
0.908000
0.93 16 0.91 0.73 -20.59 12.53
0.909000
0.91 20 0.92 0.71 -23.41 14.97
0.910000
0.89 17 0.92 0.70 -23.69 6.51
0.911000
0.89 21 0.93 0.68 -27.92 4.79
0.912000
0.86 20 0.94 0.66 -25.03 6.57
0.913000
0.85 23 0.94 0.65 -30.19 0.10
0.914000
0.85 24 0.95 0.63 -31.51 4.75
0.915000
0.86 23 0.96 0.61 -31.38 9.00
0.916000
0.86 26 0.96 0.58 -37.20 2.10
0.917000
0.84 22 0.97 0.56 -35.57 13.85
0.918000
0.84 22 0.97 0.53 -36.97 18.93
0.919000
0.81 19 0.98 0.52 -36.02 30.57
0.920000
0.78 18 0.99 0.50 -34.90 42.29
0.921000
0.79 16 0.99 0.48 -42.33 37.71
0.922000
0.76 15 0.99 0.46 -36.66 55.38
0.923000
0.72 16 0.99 0.44 -37.02 64.14
0.924000
0.74 14 0.99 0.41 -33.22 71.10
0.925000
0.69 9 0.99 0.39 -38.38 87.18
0.926000
0.66 10 0.99 0.38 -39.40 96.55
0.927000
0.68 10 0.99 0.36 -41.39 92.65
0.928000
0.66 9 0.99 0.34 -27.04 156.98
0.929000
0.66 11 1.00 0.32 -27.36 155.85
0.930000
0.64 10 1.00 0.30 -32.47 161.80
0.930000
0.99 23 0.63 0.98 3.57 -20.29
0.930000
0.99 1 0.63 0.98 5.92 -10.97
0.930000
0.99 1 0.63 0.98 7.22 -9.48
0.930000
0.99 23 0.63 0.98 7.54 -13.20
0.930000
0.14 49 1.00 0.30 -31.18 20.45
0.930000
0.14 49 1.00 0.30 -31.18 20.45
0.870000
0.99 1 0.63 0.98 7.22 -9.48
0.880000
0.99 2 0.70 0.97 3.82 -6.95
0.870000
0.99 1 0.63 0.98 7.22 -9.48
0.870000
0.99 1 0.63 0.98 7.22 -9.48
0.870000
0.99 1 0.63 0.98 7.22 -9.48
0.870000
0.94 1 0.61 0.98 6.85 -9.52
0.870000
0.94 1 0.61 0.98 6.85 -9.52
0.870000
0.91 1 0.59 0.98 6.64 -9.89
0.870000
0.91 1 0.59 0.98 6.64 -9.89
0.870000
0.99 1 0.63 0.98 7.22 -9.48
0.870000
0.55 96 0.30 0.84 5.87 2.76
0.870000
0.94 2 0.46 0.99 13.53 -13.79
0.870000
0.69 1 0.28 0.99 18.42 -13.04
0.870000
0.81 1 0.61 0.98 4.27 2.12
0.870000
0.99 1 0.63 0.98 7.22 -9.48
