69 116
242 310
484 520
725 787
926 979
1118 1171
1336 1398
1547 1619
1745 1800
1944 2001
2237 2298
2470 2542
2697 2740
2858 2938
3083 3141
3254 3333
3469 3531
3642 3693
3790 3853
3946 4002
4150 4200
4304 4368
4509 4591
4738 4789
4860 4920
5059 5124
5270 5340
5450 5530
5761 5871
6919 6952
7272 7338
7518 7570
7737 7824
8008 8056
8213 8292
8438 8472
8576 8641
8814 8859
8964 9028
9217 9289
9442 9480
9737 9784
9974 10020
10148 10218
10397 10443
10578 10633
10799 10857
11000 11057
11215 11256
11385 11451
11612 11676
11839 11882
12097 12124
12298 12347
12454 12500
12662 12709
12894 12961
13147 13186
13335 13382
13579 13638
13794 13861
14043 14104
14904 14940
15066 15103
15286 15336
15531 15578
15718 15773
15950 15982
16188 16230
16438 16478
16548 16600
16725 16780
16904 16943
17098 17143
17401 17449
17668 17701
17887 17935
18118 18161
18332 18376
18499 18544
