96 140
279 327
440 480
598 650
770 800
919 965
1066 1120
1246 1270
1420 1458
1617 1658
1779 1818
1945 1990
2121 2164
2304 2356
2484 2540
2680 2720
2841 2880
3032 3071
3230 3284
3410 3443
3585 3636
3725 3770
3939 3965
4118 4140
4311 4341
4525 4565
4711 4744
4875 4927
5085 5123
5287 5364
8160 8203
8299 8347
8479 8531
8661 8700
8830 8874
8986 9022
9116 9142
9235 9280
9384 9436
9544 9584
9691 9741
9847 9891
10007 10051
10175 10221
10336 10387
10480 10533
10646 10692
10786 10840
10913 10965
11102 11147
11260 11315
11441 11481
11631 11680
11800 11849
11972 12023
12119 12168
15796 15855
15975 16021
16125 16181
16305 16341
16478 16524
16659 16711
16824 16862
16964 16998
17139 17185
17317 17361
17461 17504
17646 17693
17845 17888
18025 18066
18236 18284
18451 18505
18671 18726
18923 18961
19145 19200
19361 19403
19598 19643
19766 19822
19979 20024
20159 20204
20456 20485
20719 20766
20963 21008
22660 22750
22865 22931
23121 23190
23359 23421
23648 23707
23903 23965
23903 23985
24101 24148
24309 24348
24554 24584
24779 24825
25012 25056
25231 25280
25484 25524
25741 25791
25971 26020
26171 26216
26408 26440
26623 26662
26824 26877
27077 27145
27323 27372
27551 27601
27777 27811
28047 28087
28240 28299
28456 28500
28642 28681
33296 33330
33547 33595
33765 33839
34053 34105
34310 34349
34544 34585
34770 34817
34994 35021
35202 35248
35416 35453
35599 35660
35826 35871
35975 36019
36141 36195
36330 36361
36560 36600
36726 36772
36940 36995
37207 37240
37473 37506
37692 37737
37992 38024
38306 38372
38538 38586
38847 38897
39155 39204
39430 39493
39652 39701
44972 45035
45159 45235
45383 45442
45668 45730
45882 45950
46164 46200
46409 46458
46664 46714
46882 46954
47151 47203
47390 47446
47702 47740
47950 48002
48193 48255
48453 48515
48788 48854
49053 49102
49290 49314
49520 49590
49810 49866
50105 50166
50400 50460
50624 50666
50930 50980
51196 51243
51480 51546
51730 51774
51980 52041
52267 52334
52530 52601
52821 52880
53144 53202
